z,vel
2.6,1519.482154766847
3.6,1519.6581600352206
4.6,1519.8369010488857
5.6,1520.00067847928
6.6,1520.1543340716198
7.6,1520.318271464195
8.6,1520.4867842580356
9.6,1520.5777534699682
10.6,1520.653753847530
11.6,1520.7979075460962
12.6,1520.966048979847
13.6,1521.136199538847
14.7,1521.3353579036586
15.6,1521.4129170532854
16.6,1521.4519591042226
17.6,1521.6069472556526
18.6,1521.7331089883257
19.6,1521.8694722633231
20.6,1522.0155066441714
21.6,1522.155941862065
22.7,1522.2940216746326
23.6,1522.302439388958
24.6,1522.108920920559
25.6,1521.93521489168
26.6,1521.4925261036171
27.6,1521.38755002789
28.6,1521.404525934598
29.6,1521.1854750246862
30.6,1520.5524468285741
31.7,1520.310548301657
32.6,1520.2006764770344
33.6,1520.2630500882985
34.6,1520.398234619501
35.7,1520.4476353611947
36.6,1520.4105240465049
37.6,1520.4791737880014
38.7,1520.5611178159243
39.6,1520.2438593803106
40.6,1519.7589854519335
41.6,1519.7336007383465
42.6,1519.648868071376
43.6,1519.3683714269073
44.7,1519.5063257354707
45.7,1519.6745005963755
46.6,1519.7830457769437
47.7,1519.819235552477
48.6,1519.8662438117333
49.6,1519.7322441672015
50.6,1519.7620932168995
51.6,1519.6942448855673
52.6,1519.7096493597362
53.6,1519.683411749896
54.6,1519.8145102741469
55.6,1519.965740890765
56.6,1520.132933629021
57.7,1520.3063775338267
58.6,1520.3334136743558
59.6,1520.4437901909257
60.6,1520.535581691742
61.6,1520.6776410451246
62.6,1520.781742906594
63.6,1520.9228529699978
64.6,1520.9941819597616
65.6,1520.9576228937838
66.6,1521.0616500916651
67.6,1521.2032518086153
68.6,1521.2544102699865
69.6,1521.365536244845
70.6,1521.517786376299
71.6,1521.5929592198954
72.6,1521.6887196981622
73.6,1521.7552309449918
74.6,1521.894892125652
75.6,1522.0501373140837
76.6,1522.2187306090968
77.7,1522.4043769403083
78.7,1522.557635777657
79.6,1522.6880476166402
80.6,1522.6713175079826
81.6,1522.7436029682628
82.6,1522.8822972279913
83.6,1522.9603745292695
84.6,1523.006768704708
85.6,1523.096493175592
86.6,1523.2121676786605
87.6,1523.3340090152312
88.6,1523.471962456449
89.7,1523.6153664150174
90.6,1523.7216787183052
91.6,1523.8532459020923
92.6,1523.8922680092007
93.6,1523.9123889030523
94.6,1524.0387892176009
95.6,1524.192027539045
96.6,1524.3514513374128
97.6,1524.499498477716
98.6,1524.6530884161502
99.6,1524.8125983108591
100.6,1524.9542590293872
101.6,1525.0798266719605
102.6,1525.1617541000894
103.6,1525.2024690837904
104.6,1525.1864157963046
105.6,1525.311473356963
106.6,1525.485447493474
107.6,1525.66921402364
108.5,1525.8218354265562
109.6,1525.9528878171534
110.7,1525.9907419113647
111.6,1525.8846916721102
112.6,1525.8788736972756
113.6,1526.003542321419
114.6,1526.1743352426313
115.6,1526.341833803818
116.6,1526.470718122451
117.7,1526.6424585427662
118.7,1526.80180304687
119.6,1526.8568478719744
120.6,1526.9794670797462
121.6,1527.11793202709
122.6,1527.2720064013938
123.6,1527.423468865045
124.6,1527.5698981688336
125.6,1527.7345791675318
126.7,1527.8773616443816
127.6,1527.9874793649021
128.6,1528.132310431097
129.6,1528.2467785342653
130.6,1528.349982986584
131.6,1528.5079228351728
132.6,1528.6572445742
133.6,1528.806620679178
134.6,1528.9625775889274
135.7,1529.064534684045
136.6,1529.170525022094
137.6,1529.3097184674352
138.6,1529.4426937745272
139.6,1529.5875222687098
140.6,1529.704835568873
141.6,1529.844102202688
142.6,1529.969594016649
143.6,1530.1031767206916
144.6,1530.2043081672866
145.6,1530.2888785757339
146.6,1530.263113805963
147.6,1530.265482252561
148.5,1530.4041661523916
149.6,1530.5859336898488
150.6,1530.7031860209345
151.6,1530.7963604068138
152.7,1530.997795397848
153.6,1531.0936211347548
154.6,1531.232761671789
155.6,1531.3802413531685
156.6,1531.5234493409293
157.6,1531.6732453211098
158.6,1531.8371256881333
159.6,1532.0073327274984
160.6,1532.165833368773
161.6,1532.3195364743392
162.6,1532.484192544847
163.6,1532.650140412696
164.6,1532.8107044283124
165.6,1532.9729995696446
166.6,1533.1387535099761
167.6,1533.3063558668002
168.6,1533.4739319558907
169.6,1533.6367981899416
170.6,1533.8006044159067
171.6,1533.9655274155286
172.6,1534.1312731595174
173.6,1534.265806365498
174.6,1534.1783420380707
175.6,1534.203210830762
176.6,1534.3240691031974
177.6,1534.446769399929
178.6,1534.5860675027443
179.6,1534.7408267305425
180.7,1534.9079995538489
181.6,1535.0373617502373
182.6,1535.1783992228823
183.6,1535.3169375200803
184.6,1535.455592786552
185.7,1535.608775881629
186.6,1535.7400836685415
187.6,1535.8908632609414
188.6,1536.0395858462512
189.6,1536.1726828900953
190.7,1536.3271938500968
191.6,1536.4533266011636
192.6,1536.5868897745154
193.6,1536.7167402527912
194.6,1536.847235453005
195.6,1536.9872756042469
196.6,1537.1252250500424
197.6,1537.2346074039215
198.6,1537.3375393489423
199.6,1537.4878679389128
200.6,1537.6518264854217
201.6,1537.8040485190538
202.6,1537.9095611487794
203.6,1538.0294658456694
204.6,1538.1412456474036
205.6,1538.2577911255976
206.6,1538.3855540926852
207.7,1538.5407621681495
208.6,1538.65263348889
209.7,1538.8022841024836
210.6,1538.9174300953887
211.6,1539.0447714380527
212.6,1539.1695948698994
213.6,1539.3010896402295
214.7,1539.449900930242
215.6,1539.5390928118456
216.6,1539.6059639205948
217.6,1539.708168825629
218.7,1539.8522926515466
219.6,1539.9957704252308
220.6,1540.1587055757593
221.6,1540.325378972406
222.6,1540.4935061732288
223.6,1540.656690182981
224.6,1540.80529781161
225.7,1540.889090070198
226.6,1540.924832076884
227.6,1540.9877431116872
228.6,1541.0758399275762
229.6,1541.2064018939225
230.6,1541.3701634727665
231.6,1541.5347938136235
232.6,1541.6907107514016
233.6,1541.8467241600304
234.6,1541.9951367423223
235.6,1542.1315334240223
236.6,1542.2931513685944
237.7,1542.4727279626502
238.6,1542.6015928011843
239.6,1542.7266346528975
240.6,1542.8660586672497
241.6,1543.016120776265
242.6,1543.1603315421105
243.6,1543.3037982510627
244.7,1543.4395910761261
245.6,1543.528772734853
246.7,1543.677944068679
247.6,1543.7752125091572
248.6,1543.871511001636
249.6,1543.9843530352382
250.7,1544.1325547242584
251.6,1544.2299759680623
252.7,1544.3767435873513
253.6,1544.4706461027506
254.6,1544.5326148250856
255.6,1544.6410166436704
256.7,1544.8118322790158
257.6,1544.9321107203964
258.6,1545.065217398276
259.6,1545.2086025255155
260.6,1545.3484834317255
261.6,1545.4569152166794
262.6,1545.5918621841934
263.6,1545.7554675720644
264.6,1545.9182324711114
265.7,1546.097125072385
266.7,1546.2607712180286
267.6,1546.4095472355655
268.6,1546.5748498065677
269.6,1546.7036441118757
270.6,1546.7942881423992
271.6,1546.9369889083546
272.6,1547.083413009088
273.6,1547.1886097958584
274.6,1547.2965011148444
275.6,1547.4356063029152
276.6,1547.5873930622402
277.6,1547.7307716400412
278.6,1547.8468819591199
279.6,1547.9343331327268
280.6,1548.0075259992345
281.6,1548.1394364813407
282.7,1548.3030613058233
283.6,1548.4404452354238
284.6,1548.599892904708
285.6,1548.746528234251
286.6,1548.8737135994356
287.6,1549.0023158964111
288.6,1549.147097873413
289.6,1549.2793189649162
290.6,1549.3724565228088
291.6,1549.505336727958
292.6,1549.637698304845
293.6,1549.7450662064082
294.6,1549.8656457396867
295.7,1550.0334517305773
296.6,1550.158476847428
297.6,1550.2920046831052
298.6,1550.439024958665
299.6,1550.5847936775865
300.6,1550.7481299690057
301.6,1550.9069058870841
302.6,1550.940047576058
303.7,1550.9257642760115
304.7,1551.0569697303808
305.6,1551.1844244028493
306.6,1551.305706990465
307.6,1551.3795609193535
308.6,1551.4854875955637
309.6,1551.6376730546776
310.6,1551.7952821317042
311.6,1551.9188193497534
312.6,1551.9776773200742
313.6,1552.0764633230403
314.6,1552.2043532168057
315.6,1552.3319547437618
316.6,1552.4604924821042
317.6,1552.561853109018
318.6,1552.7015626938253
319.6,1552.8620430437777
320.7,1553.0321196295313
321.6,1553.1752169271754
322.6,1553.3193615625123
323.6,1553.4520151904599
324.6,1553.5630701947555
325.6,1553.6662417389553
326.6,1553.7745140577208
327.7,1553.889683987987
328.6,1553.9829473037062
329.6,1554.1471168117168
330.6,1554.269542349136
331.7,1554.4277715979676
332.6,1554.5708685595357
333.6,1554.7179539717552
334.6,1554.8792169896183
335.6,1555.0410573241227
336.6,1555.175092823509
337.6,1555.3170544818593
338.6,1555.464194326474
339.6,1555.6213656301613
340.6,1555.7851497720535
341.7,1555.933443394469
342.6,1556.0028831230268
343.6,1556.0819581825676
344.6,1556.2090549483994
345.6,1556.3544236185458
346.7,1556.4951903335798
347.6,1556.5895959262793
348.6,1556.7181397729328
349.6,1556.8024543904573
350.6,1556.9339343400309
351.6,1557.080340561338
352.6,1557.2298878629363
353.6,1557.3619769715492
354.6,1557.472676032568
355.6,1557.5585927250147
356.6,1557.679792655121
357.6,1557.836220170338
358.7,1558.0145678219935
359.7,1558.1805405131968
360.6,1558.3297754106397
361.6,1558.4936297857994
362.6,1558.649896544145
363.6,1558.8117134608626
364.6,1558.9603415910847
365.6,1559.0628301998483
366.6,1559.147207259908
367.6,1559.259406007819
368.6,1559.385269618817
369.6,1559.5118660540581
370.6,1559.653106304595
371.6,1559.8010301842091
372.6,1559.9516099368132
373.6,1560.0418464879392
374.6,1560.161958104654
375.6,1560.3178576648966
376.6,1560.4802689249636
377.6,1560.6340681837842
378.6,1560.796612748356
379.6,1560.9598364957835
380.6,1561.1277903586977
381.6,1561.294624169607
382.6,1561.4546274861732
383.6,1561.6103704600412
384.6,1561.7606088924124
385.6,1561.9061328975283
386.6,1562.0589754689622
387.6,1562.206786733534
388.6,1562.3377683638744
389.6,1562.482868564056
390.6,1562.599036391249
391.6,1562.6859521743106
392.6,1562.8333261855348
393.6,1562.9819537768062
394.6,1563.1249720103235
395.6,1563.2827143379243
396.6,1563.436528789693
397.6,1563.5813900804242
398.6,1563.7348038407551
399.6,1563.897859316604
400.6,1564.055423807032
401.6,1564.1613871060197
402.6,1564.3029862151677
403.6,1564.4593689846172
404.7,1564.6340876497545
405.7,1564.788649846017
406.6,1564.919945334015
407.6,1565.0223871254639
408.6,1565.0994942136463
409.6,1565.2541104327124
410.6,1565.414794032707
411.6,1565.5674254915616
412.6,1565.7147794376503
413.7,1565.88982339835
414.5,1566.0273074579507
415.6,1566.2093345716212
416.6,1566.3537757311099
417.6,1566.4771392676016
418.6,1566.6110421938652
419.6,1566.7644776701661
420.6,1566.9180766047025
421.6,1567.0788710990594
422.6,1567.240428192383
423.6,1567.4000103190224
424.6,1567.526424824523
425.7,1567.6204395298926
426.7,1567.7085798504045
427.6,1567.8073235184036
428.6,1567.9614318713545
429.7,1568.1385583347687
430.6,1568.28170498644
431.6,1568.4395631972054
432.6,1568.5964009235793
433.6,1568.7475195293582
434.6,1568.8986828696507
435.6,1569.0641230523145
436.6,1569.2320105592219
437.6,1569.4003777020837
438.6,1569.5262776694979
439.6,1569.6338875228605
440.6,1569.798527300546
441.6,1569.9344357923562
442.6,1570.07169976208
443.6,1570.2073869220028
444.6,1570.3576096964662
445.6,1570.5100821824208
446.6,1570.6366946868375
447.6,1570.7791561694294
448.6,1570.926245052068
449.6,1571.0609053938708
450.6,1571.2221883130153
451.7,1571.4059359692635
452.6,1571.54705468823
453.6,1571.7034600328716
454.6,1571.8564863095696
455.6,1571.980435877271
456.6,1572.1301100981316
457.6,1572.2825905187244
458.6,1572.4306805680037
459.6,1572.5909136675639
460.6,1572.7335941270937
461.6,1572.8326113420628
462.6,1572.9721199656574
463.6,1573.1234743184868
464.6,1573.2440467000797
465.6,1573.3261648218265
466.6,1573.462365519757
467.6,1573.6119713868486
468.6,1573.7658721526873
469.6,1573.9233925450615
470.6,1574.0702436066922
471.7,1574.2413915349402
472.7,1574.4068346395381
473.6,1574.5588092291343
474.6,1574.7302184163166
475.7,1574.9162240285748
476.6,1575.059769564548
477.6,1575.188917122793
478.7,1575.3535390462894
479.6,1575.454247292481
480.6,1575.5940755592062
481.6,1575.725681604332
482.6,1575.8723929092648
483.6,1576.0284925341343
484.6,1576.1860343149513
485.6,1576.3385257440827
486.6,1576.4873336328938
487.6,1576.6444820931767
488.7,1576.8295300842688
489.6,1576.9876714836832
490.6,1577.1871536429185
491.6,1577.3781527565898
492.6,1577.563186511557
493.6,1577.7631247762215
494.7,1578.0037906898003
495.6,1578.125046999653
496.6,1578.1684834662
497.6,1578.3042581499012
498.6,1578.4765249329696
499.6,1578.6446927086781
500.6,1578.8040924977963
501.6,1578.979711639428
502.6,1579.1745728981366
503.6,1579.3504330939188
504.6,1579.517650443788
505.6,1579.6838483079475
506.6,1579.850573669612
507.6,1580.0151044819781
508.6,1580.173204834395
509.6,1580.3275144101012
510.6,1580.4919353133564
511.6,1580.6505997214754
512.6,1580.8071552853587
513.6,1580.9470757378333
514.6,1581.0782109271893
515.7,1581.2331989830723
516.6,1581.342072512277
517.6,1581.4901708256155
518.6,1581.6476444979123
519.6,1581.8045381415416
520.7,1581.9827003308674
521.7,1582.1436305814539
522.6,1582.280501947931
523.6,1582.446828119538
524.6,1582.6162039685923
525.6,1582.7848796380085
526.6,1582.9547223127156
527.6,1583.1246544900234
528.6,1583.2936025297206
529.6,1583.462976098572
530.6,1583.6322730441498
531.6,1583.8006695881882
532.6,1583.9693256129797
533.7,1584.1550682945262
534.6,1584.3061523818455
535.6,1584.4675467108084
536.6,1584.638757528533
537.6,1584.8661473772652
538.6,1585.0939249669148
539.5,1585.284861928946
540.6,1585.4781520595081
541.6,1585.6554700855604
542.6,1585.825272882141
543.6,1585.994982138431
544.6,1586.1610978916592
545.6,1586.3253303794488
546.6,1586.4914611010709
547.6,1586.64066289141
548.6,1586.7801239666842
549.6,1586.9218669073807
550.6,1587.0415840949258
551.6,1587.1687011357012
552.6,1587.3075315946637
553.6,1587.4822769210173
554.6,1587.6518722678159
555.7,1587.8408276567545
556.6,1587.9987117780495
557.6,1588.183839613246
558.6,1588.384059235982
559.6,1588.5569565592339
560.7,1588.7114033038363
561.7,1588.7604008757207
562.6,1588.8898456905852
563.6,1589.049884250235
564.6,1589.2174588149892
565.7,1589.4284773827712
566.6,1589.602308840488
567.6,1589.7475904436337
568.6,1589.888836842162
569.6,1590.0548049444665
570.6,1590.2193444968489
571.6,1590.3769584366842
572.7,1590.521270762748
573.6,1590.6867772278565
574.6,1590.8695914055006
575.6,1591.1015606356489
576.6,1591.3249740059491
577.6,1591.4902376725736
578.6,1591.6700364329968
579.7,1591.868810964011
580.6,1592.067675219546
581.6,1592.2717249497416
582.6,1592.4425723158806
583.6,1592.6150902339127
584.7,1592.7999816048891
585.6,1592.9388847073558
586.5,1593.0832381471312
587.6,1593.2669403373984
588.6,1593.4753228657273
589.7,1593.7815899962884
590.6,1593.9951320618493
591.6,1594.154413548888
592.6,1594.3137041199973
593.6,1594.4989355777511
594.6,1594.6699753847556
595.6,1594.8413528102724
596.7,1595.0277590653263
597.6,1595.1771030018865
598.6,1595.3438552101964
599.6,1595.4708625926864
600.7,1595.592360961839
601.6,1595.7207138439217
602.6,1595.8619360928808
603.7,1596.0095727871433
604.6,1596.1264755528052
605.6,1596.2703414294665
606.6,1596.3913434764413
607.6,1596.5444554088915
608.6,1596.7475696775712
609.6,1596.9613089230152
610.6,1597.154954252528
611.6,1597.3386334779855
612.6,1597.522644064443
613.7,1597.704451917122
614.5,1597.8318766412049
615.6,1598.004353934598
616.6,1598.1525082895457
617.6,1598.3056408395032
618.6,1598.4625426383086
619.7,1598.6470392345805
620.6,1598.7940742022156
621.6,1598.9180590411443
622.6,1598.9809673798363
623.6,1599.0823154140426
624.7,1599.2303888986983
625.6,1599.3607693397323
626.6,1599.4896632675902
627.7,1599.665098702533
628.6,1599.8027003139332
629.6,1599.9793678610756
630.6,1600.160092746874
631.6,1600.3267778733903
632.6,1600.5082636160887
633.6,1600.6894437967906
634.6,1600.8649264054288
635.6,1601.0199205553613
636.6,1601.201303101724
637.6,1601.3752213664802
638.7,1601.4318102706525
639.6,1601.5187217316811
640.6,1601.6383762518567
641.6,1601.8258818478766
642.6,1601.886305783417
643.7,1602.1165945699122
644.6,1602.2861033678055
645.6,1602.5001855577689
646.6,1602.784684403068
647.6,1602.9056076296151
648.6,1602.9622056201185
649.6,1603.053594912375
650.6,1603.0985855859074
651.6,1603.2602303781014
652.6,1603.4975630496076
653.6,1603.687739105511
654.6,1603.8466908325518
655.6,1604.015819653272
656.6,1604.1856159642355
657.6,1604.3404752458136
658.7,1604.513229829703
659.6,1604.6697111093326
660.6,1604.8313591337715
661.6,1605.0071742863984
662.6,1605.1844301531316
663.6,1605.3566033149211
664.7,1605.5511730773399
665.6,1605.7066909134633
666.6,1605.876105285701
667.6,1606.0542168909053
668.7,1606.2402125452236
669.6,1606.4000721579241
670.7,1606.6186424785951
671.6,1606.6550050804112
672.6,1606.6813826881498
673.6,1606.8248578323912
674.6,1606.9828018857486
675.7,1607.1643415719984
676.6,1607.3002757216889
677.6,1607.4121276561677
678.6,1607.5162738691063
679.6,1607.6563977159492
680.5,1607.7985622911867
681.6,1607.9433360703435
682.7,1608.118929610931
683.6,1608.2698745943858
684.7,1608.4556771780617
685.6,1608.608521111664
686.6,1608.7793589267367
687.6,1608.9498729941472
688.6,1609.1204117468067
689.6,1609.2894063095432
690.6,1609.4580593590333
691.7,1609.6439725242037
692.6,1609.7936602770549
693.6,1609.9597556929411
694.6,1610.1257018938263
695.6,1610.2863854327836
696.7,1610.447199344004
697.6,1610.5737010725773
698.6,1610.7354681163808
699.6,1610.900845780495
700.6,1611.07049034247
701.6,1611.2380296398817
702.7,1611.4259145241756
703.6,1611.5709847314095
704.6,1611.7363040786213
705.6,1611.9061964359992
706.6,1612.0766555447633
707.6,1612.246248502378
708.6,1612.4104962066035
709.6,1612.577361548654
710.6,1612.744118542679
711.6,1612.9101104026463
712.6,1613.0663350674854
713.6,1613.2160377429582
714.6,1613.3826176319897
715.6,1613.5599198856426
716.6,1613.7876916933405
717.6,1613.959046425648
718.6,1614.1490202092368
719.6,1614.4438370703022
720.5,1614.7177563097625
721.6,1614.9177617845494
722.6,1615.1607333720062
723.6,1615.2743503926908
724.6,1615.4993070259918
725.6,1615.7825641702452
726.5,1615.9555864474914
727.6,1616.200622331692
728.6,1616.3481081821492
729.6,1616.4998961283575
730.6,1616.66714259566
731.6,1616.8905351110989
732.6,1617.0973048563844
733.6,1617.2899929492141
734.6,1617.4200677431677
735.6,1617.5892827953762
736.7,1617.745368276738
737.6,1617.958713223843
738.6,1618.0297354740671
739.6,1618.337573803547
740.6,1618.857302378591
741.7,1619.7192369681886
742.6,1620.126831561637
743.6,1620.5025896170744
744.6,1620.7228710248453
745.6,1621.241837194593
746.6,1621.8763051511146
747.6,1622.0155595893907
748.6,1622.3875324078383
749.6,1622.5815612465883
750.6,1622.7870587706857
751.6,1622.986941299215
752.6,1623.2612611311542
753.6,1623.5325634099997
754.6,1623.7020733981922
755.7,1623.9521415454572
756.6,1624.1835511143802
757.6,1624.4338853260442
758.6,1624.549123843492
759.6,1625.0073213884543
760.6,1625.2324122877155
761.6,1625.3888797515272
762.6,1625.5548307550237
763.7,1625.7991233799264
764.6,1626.3828037479414
765.6,1627.5419993166763
766.6,1628.0069250103468
767.6,1628.162868045146
768.6,1628.3291445999052
769.6,1628.5189459635706
770.6,1628.792772087034
771.6,1628.934592906916
772.6,1629.0156911758233
773.6,1628.8076556803371
774.6,1628.765236038466
775.6,1628.9152704233984
776.5,1629.0511249805738
777.6,1629.49890216637
778.6,1629.9677425326734
779.7,1630.3839118118804
780.6,1630.8889882703606
781.6,1631.335788092316
782.6,1631.6116001634066
783.7,1632.056511655988
784.6,1632.3039238027236
785.6,1632.4937252763043
786.6,1632.6409562960887
787.5,1632.6433365185728
788.6,1632.8418114901312
789.6,1633.0962708735556
790.6,1633.3272944588578
791.6,1633.4923239268476
792.6,1633.5156680007913
793.6,1633.4519992979986
794.6,1633.477699661204
795.5,1633.5463320926128
796.6,1633.590185032523
797.6,1633.6441002628633
798.7,1633.8941249735155
799.6,1634.4885751735999
800.6,1634.7465060793754
801.6,1634.9505220686347
802.6,1635.1309938273166
803.6,1635.305672579609
804.6,1635.4719373430428
805.6,1635.6450879039048
806.6,1635.7728954111017
807.6,1635.8553140160122
808.6,1635.9706597731406
809.6,1636.1195884199774
810.6,1636.2809768947973
811.6,1636.407213221041
812.7,1636.574282747586
813.6,1636.7255649071255
814.6,1636.8564539892382
815.6,1636.9691391750384
816.6,1637.152828545019
817.6,1637.3396727482327
818.6,1637.4897017103897
819.6,1637.6507832873024
820.5,1637.8172616255956
821.6,1637.967242242305
822.6,1638.1413678232557
823.6,1638.3028977776817
824.6,1638.4615885548494
825.6,1638.628859495746
826.7,1638.812661254268
827.7,1639.0020985746569
828.6,1639.2937087841294
829.6,1639.585655554225
830.6,1639.8558991131893
831.6,1640.0679886642008
832.6,1640.2656306273336
833.6,1640.5160919191117
834.6,1640.7129379995895
835.6,1640.9213429609952
836.6,1641.098990553858
837.6,1641.2857356032644
838.7,1641.505577843268
839.5,1641.6682752127037
840.6,1641.8514628645494
841.6,1642.0214322074644
842.6,1642.1717993113064
843.7,1642.339114333422
844.6,1642.4771877931528
845.6,1642.6280847557855
846.6,1642.7809016769472
847.6,1642.9316263940962
848.6,1643.0900544241913
849.6,1643.2513701164146
850.6,1643.4119742635405
851.6,1643.5737213599527
852.6,1643.7316040651813
853.7,1643.902404287338
854.6,1644.0469282456895
855.7,1644.2147908439458
856.7,1644.3409981014204
857.6,1644.4631800391069
858.6,1644.6002464042665
859.6,1644.6897607878673
860.6,1644.7317215633566
861.6,1644.6697013866785
862.6,1644.6290611946933
863.6,1644.610726625912
864.6,1644.6647764065267
865.7,1644.802586779544
866.6,1644.933782840957
867.6,1645.1035633227182
868.6,1645.2705701010732
869.7,1645.455395865554
870.6,1645.6129075670474
871.6,1645.7974813017809
872.6,1645.9808857543233
873.6,1646.1539655540619
874.6,1646.3281039378699
875.6,1646.5179139243905
876.6,1646.736053967819
877.6,1647.042827702815
878.6,1647.2911801837622
879.7,1647.487469728282
880.6,1647.6249486877207
881.6,1647.7984307878478
882.6,1647.954535053245
883.6,1648.251041821515
884.6,1648.617321037236
885.6,1648.8454500433688
886.6,1649.0148661335538
887.6,1649.176185633339
888.6,1649.3443029236907
889.6,1649.5133342475744
890.6,1649.675881327692
891.6,1649.8410496046538
892.6,1650.0091918998994
893.6,1650.1738205807737
894.6,1650.3408466284347
895.7,1650.5270309713596
896.6,1650.675632667935
897.7,1650.8592714622623
898.7,1651.0282465930666
899.6,1651.179040218324
900.5,1651.3317023971626
901.6,1651.5178636479075
902.6,1651.6867493877273
903.7,1651.8739685765236
904.6,1652.0268408037905
905.6,1652.1819440850215
906.5,1652.3127535308877
907.5,1652.4750070218224
908.6,1652.6422476021726
909.6,1652.7957234153441
910.6,1652.9613524267302
911.6,1653.1274807672
912.6,1653.2958060661624
913.6,1653.4373059055708
914.6,1653.565797817587
915.6,1653.7326983055013
916.6,1653.8979677738082
917.6,1654.0620092494394
918.6,1654.2290196353042
919.6,1654.4077788266516
920.6,1654.571508064183
921.6,1654.713292730667
922.6,1654.8784656327864
923.6,1655.0471759655322
924.6,1655.2201636580292
925.6,1655.3888840858597
926.6,1655.5476270274148
927.6,1655.6766319601518
928.6,1655.7950100612697
929.6,1655.9270154769104
930.6,1656.0994624921107
931.6,1656.2477989338272
932.6,1656.369741943291
933.7,1656.4967789840946
934.6,1656.6418640195989
935.6,1656.7595489775535
936.6,1656.8220194351
937.7,1656.9673824969836
938.6,1657.1239679858595
939.6,1657.265323192626
940.6,1657.4115839207848
941.6,1657.5941903699354
942.6,1657.7705315358119
943.6,1657.9497204639351
944.6,1658.1311539047383
945.6,1658.3031836594332
946.6,1658.4673976019787
947.6,1658.639327381972
948.6,1658.8144040172667
949.6,1658.9870520855116
950.7,1659.1704842284616
951.6,1659.3470332338518
952.5,1659.5186841892753
953.6,1659.709734088978
954.6,1659.723404047343
955.6,1659.5815422431176
956.7,1659.7053464479177
957.6,1659.8198673180245
958.6,1659.6161821522837
959.6,1659.120045215975
960.6,1659.2891573947181
961.6,1659.6594767236056
962.6,1659.8922120507514
963.6,1660.0970811312393
964.6,1660.420232562097
965.6,1660.7036144102774
966.6,1660.9041059070714
967.6,1661.159672030958
968.6,1661.3824340783185
969.6,1661.5560599422158
970.6,1661.7337843456157
971.6,1661.9035608741908
972.6,1662.0499528280068
973.6,1662.1804461170307
974.6,1662.3178280134093
975.6,1662.4649424467718
976.6,1662.623081127341
977.6,1662.7722097561561
978.5,1662.880832429155
979.6,1663.0181740490789
980.6,1663.1387877406455
981.6,1663.289015534943
982.7,1663.2200197663842
983.6,1663.0904452409886
984.6,1663.153180968619
985.7,1663.3063037952709
986.6,1663.3701390854474
987.6,1663.4815176382513
988.6,1663.65191229611
989.6,1663.8331783014285
990.7,1664.0253699592913
991.7,1664.1932554837724
992.6,1664.3299189369222
993.7,1664.4741446772916
994.7,1664.5727197584188
995.6,1664.7158291635785
996.6,1664.8650161235405
997.6,1664.9728091179588
998.6,1665.0550706187478
999.6,1665.2078084492405
1000.6,1665.3713234950699
1001.6,1665.5861005662548
1002.6,1666.1925437337045
1003.6,1666.544793031425
1004.6,1667.0388188953652
1005.6,1667.286534912664
1006.6,1667.4869655379769
1007.6,1667.8649295824873
1008.6,1668.2462556940914
1009.7,1668.4972720001908
1010.6,1668.7793235826593
1011.7,1669.039014681565
1012.6,1669.2188110642212
1013.5,1669.4096001742168
1014.6,1669.6390502280187
1015.6,1669.8869974724619
1016.6,1670.0865789613745
1017.6,1670.2587606691745
1018.6,1670.4494291586625
1019.6,1670.6200367860645
1020.6,1670.804337883398
1021.6,1670.9849807687378
1022.6,1671.1493601125987
1023.6,1671.319173567704
1024.6,1671.4757453991629
1025.6,1671.637828255815
1026.7,1671.8184138382535
1027.6,1671.964633055523
1028.6,1672.130720090143
1029.6,1672.289699108226
1030.6,1672.450120413128
1031.6,1672.6226014676638
1032.6,1672.7718749856347
1033.6,1672.9284983434363
1034.6,1673.0845840090485
1035.6,1673.2085605869834
1036.6,1673.340442201859
1037.6,1673.4827418937614
1038.6,1673.64653439147
1039.6,1673.8124317210409
1040.6,1673.9742105026585
1041.7,1674.117480788324
1042.6,1674.226471451126
1043.6,1674.3663586544565
1044.6,1674.4663701191025
1045.6,1674.6083311309324
1046.6,1674.7216763154127
1047.6,1674.741970021845
1048.6,1674.948553113396
1049.6,1675.0779991730958
1050.6,1675.0217535683166
1051.6,1674.8883429058392
1052.6,1674.8616531684681
1053.6,1674.8713500231077
1054.6,1675.004654599517
1055.6,1675.1757133217502
1056.7,1675.4252105855633
1057.6,1675.6096067858932
1058.6,1675.7902663453951
1059.5,1675.8712943609487
1060.6,1676.0375777463573
1061.6,1676.1132477296035
1062.6,1676.2000575362779
1063.6,1676.3100601158676
1064.6,1676.3889202028984
1065.6,1676.5085057411875
1066.6,1676.6482557737143
1067.7,1676.8216038718904
1068.6,1676.9531655277958
1069.6,1677.097746593556
1070.6,1677.2232185634998
1071.6,1677.3552960718375
1072.6,1677.5230691858262
1073.7,1677.7114217709725
1074.7,1677.823007320107
1075.6,1677.9215817953996
1076.6,1678.1539360350089
1077.6,1678.4935504359185
1078.6,1678.693127460791
1079.6,1678.8587008417123
1080.6,1679.3430367008207
1081.6,1679.6078074517711
1082.6,1679.7651014225019
1083.6,1679.9950004114048
1084.7,1680.370570911354
1085.6,1680.6156106022659
1086.6,1680.7760963143005
1087.6,1681.0201756004938
1088.6,1681.361089837772
1089.6,1681.61026476865
1090.6,1681.8390129619686
1091.6,1682.024256573938
1092.6,1682.2069037110225
1093.6,1682.3849841566037
1094.5,1682.5322250878573
1095.6,1682.6270523983271
1096.6,1682.6730868267102
1097.5,1682.782433935552
1098.6,1682.8002903727738
1099.6,1682.8950500978142
1100.6,1683.0240890771015
1101.6,1683.1534704670294
1102.7,1683.3114181590774
1103.6,1683.4346406539426
1104.6,1683.5832822323214
1105.6,1683.695165107926
1106.6,1683.8428811335968
1107.6,1683.9986283628482
1108.6,1684.1306566922465
1109.6,1684.2815172180538
1110.6,1684.4424226034062
1111.6,1684.62296025923
1112.6,1684.8206229402413
1113.6,1685.0150167341683
1114.6,1685.1990914195808
1115.6,1685.3759994162053
1116.6,1685.5467696555324
1117.6,1685.7224779083408
1118.6,1685.8946457069724
1119.6,1686.063969400134
1120.6,1686.2308889908686
1121.6,1686.39485828547
1122.6,1686.5622661941245
1123.6,1686.7437286377783
1124.6,1686.9124595964922
1125.6,1687.0766017970095
1126.6,1687.242064982857
1127.6,1687.4128967334693
1128.7,1687.692012007353
1129.6,1687.921345025325
1130.6,1688.1148912603635
1131.6,1688.3012651131546
1132.6,1688.4842548750605
1133.6,1688.6785450059972
1134.6,1688.8592752510835
1135.6,1689.0412390428705
1136.6,1689.2193173924331
1137.5,1689.3789465693026
1138.6,1689.5788889487787
1139.6,1689.7760155750157
1140.6,1689.9799458089715
1141.6,1690.1728741259997
1142.7,1690.3993607939883
1143.7,1690.6369846230039
1144.5,1690.7630716897204
1145.6,1691.022708412737
1146.6,1691.2924638004274
1147.6,1691.4541163217852
1148.6,1691.6070439579219
1149.6,1691.7910613342158
1150.6,1691.9534946428912
1151.6,1692.1011972247736
1152.6,1692.2271487487087
1153.6,1692.303639197932
1154.6,1692.3489189340014
1155.6,1692.4567318920117
1156.6,1692.5959018883582
1157.6,1692.7356935734442
1158.6,1692.8645108853511
1159.6,1693.0199249179284
1160.5,1693.163819699227
1161.6,1693.3497409783263
1162.6,1693.5134531453496
1163.6,1693.6875012823714
1164.6,1693.8497443017295
1165.6,1694.0164746958458
1166.6,1694.190038161133
1167.6,1694.3647987335105
1168.6,1694.5527399037421
1169.6,1694.751135471396
1170.6,1694.9599804829577
1171.6,1695.2137933687825
1172.6,1695.4189291034895
1173.6,1695.6583871071698
1174.6,1695.9679438559729
1175.7,1696.2285967828582
1176.6,1696.4600091895409
1177.6,1696.748228899733
1178.6,1697.166227738514
1179.6,1697.46041984267
1180.6,1697.6186280092104
1181.6,1697.7859214713694
1182.6,1698.2728755555615
1183.6,1698.59914130973
1184.7,1698.8187798345775
1185.6,1699.001462544802
1186.7,1699.5865847015782
1187.6,1699.9454913123006
1188.6,1700.1129139327707
1189.6,1700.2997170839635
1190.6,1700.4866664246092
1191.6,1700.6775372593945
1192.6,1700.8569151011795
1193.6,1701.027931811821
1194.6,1701.1951416860215
1195.6,1701.3703264376438
1196.7,1701.5618291095018
1197.6,1701.721872322431
1198.6,1701.895550308772
1199.6,1702.0660954234445
1200.6,1702.2321690157669
1201.6,1702.40131966697
1202.6,1702.5707569651893
1203.6,1702.7404807056648
1204.7,1702.9354755350205
1205.6,1703.112299712099
1206.6,1703.3060850223624
1207.6,1703.4769443817672
1208.6,1703.6485843702308
1209.7,1703.852145744261
1210.6,1703.9991210613662
1211.6,1704.161823132496
1212.6,1704.339363270879
1213.6,1704.5292118813682
1214.6,1704.6895194887209
1215.6,1704.8407247330078
1216.7,1704.9919574664912
1217.6,1705.0930538426906
1218.6,1705.2481083704279
1219.6,1705.416185003504
1220.6,1705.5698093335254
1221.6,1705.7004509846108
1222.6,1705.8594225210227
1223.6,1706.0163996284214
1224.6,1706.1726994446208
1225.6,1706.3307135560844
1226.6,1706.470372975329
1227.6,1706.619620720747
1228.6,1706.7716137188152
1229.6,1706.9331541381162
1230.7,1707.105038554091
1231.6,1707.2350365817665
1232.6,1707.3750198435005
1233.6,1707.5187951946173
1234.6,1707.629550414563
1235.6,1707.7775159534253
1236.6,1707.8623777912771
1237.6,1707.8335463214735
1238.6,1707.8622002469197
1239.6,1707.7922736878763
1240.6,1707.8358220898233
1241.6,1707.9686831201116
1242.6,1708.025261207637
1243.6,1708.148405718801
1244.7,1708.2687807651662
1245.6,1708.414809185631
1246.6,1708.589002140314
1247.6,1708.7671188952347
1248.6,1708.9708479738758
1249.6,1709.1754285429515
1250.6,1709.357541048721
1251.6,1709.5465753390522
1252.6,1709.7512212857432
1253.6,1709.930590006836
1254.6,1710.0781288189369
1255.6,1710.2534522359015
1256.6,1710.4276562831838
1257.6,1710.598733271136
1258.7,1710.813563350592
1259.6,1710.988508869796
1260.6,1711.1631062276426
1261.6,1711.3371009784303
1262.6,1711.5106476838341
1263.6,1711.679267923639
1264.6,1711.8438673307935
1265.6,1712.011226703371
1266.6,1712.1744584622995
1267.6,1712.3288254009863
1268.6,1712.470241910615
1269.6,1712.622905177914
1270.7,1712.8041482677465
1271.6,1712.9177766992898
1272.6,1713.0601674522604
1273.7,1713.2518841014396
1274.5,1713.3770490679185
1275.6,1713.5667254553732
1276.6,1713.7584886861391
1277.6,1713.9341828521353
1278.6,1714.1503999585482
1279.6,1714.441617148194
1280.6,1714.5483294929631
1281.6,1714.7022425940672
1282.6,1714.8659277990882
1283.6,1715.032136885516
1284.6,1715.056399217178
1285.6,1714.9333596726758
1286.6,1715.0506697290073
1287.6,1715.1761616344654
1288.6,1715.3360659995394
1289.6,1715.505521840073
1290.6,1715.680872910716
1291.6,1715.8607303114686
1292.7,1716.056035436783
1293.6,1716.2032442304082
1294.6,1716.3699290016202
1295.6,1716.551239464499
1296.6,1716.7250575368137
1297.6,1716.9144833241958
1298.6,1717.1436515917424
1299.6,1717.2748819277167
1300.6,1717.3666540768854
1301.6,1717.5088820597216
1302.6,1717.6972365416516
1303.6,1717.8874024485938
1304.6,1718.0465512233914
1305.6,1718.1837068258355
1306.6,1718.3545799948656
1307.6,1718.5238596453078
1308.7,1718.7053856004309
1309.6,1718.8592967592037
1310.6,1719.0332074923901
1311.6,1719.2010430313246
1312.6,1719.4613277406618
1313.6,1719.7289107759664
1314.7,1719.9271929786485
1315.7,1720.1055137657306
1316.6,1720.2778590612256
1317.6,1720.4785672766316
1318.6,1720.6475316041053
1319.6,1720.6458844394845
1320.6,1720.731658947777
1321.6,1720.8107496838393
1322.6,1720.8408572569663
1323.6,1720.942740119539
1324.6,1721.0852951777997
1325.7,1721.2976275922758
1326.6,1721.4746319004455
1327.6,1721.506360805613
1328.6,1721.5917779911163
1329.6,1721.7498759817906
1330.6,1721.920597854104
1331.6,1722.0860419467188
1332.6,1722.2352538752486
1333.6,1722.3098495707557
1334.6,1722.4404033532508
1335.6,1722.5288511642464
1336.6,1722.6382587612084
1337.6,1722.7916847126398
1338.6,1722.957834882742
1339.7,1723.1201854248286
1340.6,1723.2707132266864
1341.6,1723.4400517472136
1342.6,1723.6189645501818
1343.6,1723.8121125643179
1344.6,1724.0124372118412
1345.7,1724.2100776852326
1346.6,1724.3593726734393
1347.6,1724.5840936708041
1348.6,1724.7890067806634
1349.6,1724.9641798096297
1350.6,1725.1471804508274
1351.6,1725.3401156405916
1352.6,1725.5297692428724
1353.6,1725.7096160458652
1354.6,1725.8808069595498
1355.6,1726.0509006098125
1356.6,1726.2080308727866
1357.6,1726.367818430387
1358.6,1726.5284543085565
1359.6,1726.6905861809164
1360.6,1726.8489159384073
1361.6,1726.995164667303
1362.6,1727.1255485468935
1363.6,1727.2852410566275
1364.6,1727.4509113640709
1365.7,1727.6342228854162
1366.6,1727.761769736218
1367.6,1727.9072955565616
1368.6,1728.0479971254088
1369.6,1728.2079483861453
1370.6,1728.3505059583595
1371.6,1728.4804196738253
1372.6,1728.6465511086312
1373.6,1728.8042581029354
1374.6,1728.9601409507516
1375.6,1729.135590801993
1376.6,1729.3181860454056
1377.6,1729.513127322787
1378.6,1729.7327789690485
1379.6,1729.9394084575974
1380.6,1730.1958656492998
1381.6,1730.3924941715845
1382.6,1730.5757010903696
1383.5,1730.7525287132062
1384.6,1730.9898257432822
1385.6,1731.171964585412
1386.6,1731.3709651196523
1387.6,1731.5753108190331
1388.6,1731.7064328070965
1389.6,1731.8382620548575
1390.6,1732.0839158087172
1391.6,1732.2805893938882
1392.6,1732.4431342771998
1393.6,1732.5686509001005
1394.6,1732.3480144059467
1395.6,1732.3248044011013
1396.6,1732.469901525893
1397.7,1732.6325381712552
1398.6,1732.7710670890378
1399.6,1732.9217227562222
1400.6,1733.0515218830087
1401.6,1733.1685405852431
1402.6,1733.2230054827999
1403.6,1733.0938360256227
1404.6,1733.1938550338778
1405.6,1733.303910104861
1406.6,1733.4133227862305
1407.7,1733.2066675824706
1408.6,1733.1590814663282
1409.6,1733.3098524389868
1410.6,1733.456696685488
1411.6,1733.6118255848555
1412.6,1733.7762548150647
1413.6,1733.9556512083009
1414.6,1734.0663655224016
1415.6,1734.2478691788629
1416.6,1734.3820786127762
1417.6,1734.5368348912689
1418.7,1734.6910269103219
1419.6,1734.814868287205
1420.6,1734.9629464432774
1421.6,1735.1355391144893
1422.6,1735.3066704936734
1423.6,1735.4533637231264
1424.6,1735.574981563202
1425.6,1735.6394600466435
1426.6,1735.759076732427
1427.7,1735.9170078959974
1428.7,1736.0475499667455
1429.6,1736.1863774420653
1430.5,1736.2945393194614
1431.6,1736.4886188869234
1432.6,1736.6741650084032
1433.6,1736.9372654601639
1434.6,1737.2586563596235
1435.6,1737.464317497055
1436.6,1737.6585724882998
1437.6,1737.8614598975776
1438.6,1738.0163323558088
1439.6,1738.1654363162581
1440.6,1738.3234176859555
1441.6,1738.511713423468
1442.7,1738.714237165419
1443.6,1738.883636723205
1444.6,1739.064609995688
1445.6,1739.1950413375007
1446.6,1739.3521091229402
1447.6,1739.543801013239
1448.6,1739.6369833271242
1449.6,1739.7330591600987
1450.6,1739.856726294232
1451.6,1740.0306855795213
1452.6,1740.2172531442563
1453.6,1740.3208036584795
1454.6,1740.3917146205642
1455.5,1740.4461206149076
1456.5,1740.4817499359406
1457.6,1740.525906125143
1458.6,1740.6486556583527
1459.6,1740.7652597922117
1460.7,1740.9040804514448
1461.6,1741.0477043437863
1462.6,1741.2228122075644
1463.6,1741.5233173795011
1464.6,1741.7350389621452
1465.6,1741.9314540539433
1466.6,1742.1142131076208
1467.6,1742.2922611580798
1468.6,1742.4214877625182
1469.6,1742.5615092264804
1470.6,1742.7320195886207
1471.6,1742.9314714920386
1472.6,1743.0976350054627
1473.6,1743.2542286364985
1474.6,1743.4368969381037
1475.6,1743.5912116301663
1476.6,1743.7151686046927
1477.7,1743.8258994232494
1478.6,1743.837436207736
1479.6,1743.709862013741
1480.6,1743.6874764040797
1481.6,1743.787048472874
1482.6,1743.8285605158942
1483.6,1743.9324485508816
1484.6,1744.015971725574
1485.6,1744.1056291446841
1486.6,1744.1686658676238
1487.6,1744.332767581286
1488.6,1744.4776673250626
1489.6,1744.5204833945204
1490.6,1744.5845963586169
1491.6,1744.630654225618
1492.6,1744.570193376693
1493.6,1744.7010879579175
1494.7,1744.8153113342555
1495.6,1744.9404065426459
1496.6,1745.088384409361
1497.6,1745.2157465962014
1498.6,1745.2986579462768
1499.6,1745.2958762467374
1500.6,1745.4341659615957
1501.6,1745.5896039425052
1502.5,1745.7263579849619
1503.6,1745.890556170827
1504.7,1746.0606926124958
1505.6,1746.1952657456702
1506.5,1746.350152753597
1507.6,1746.52589637068
1508.6,1746.691241020362
1509.6,1746.84910812428
1510.6,1747.0160613572239
1511.6,1747.1547138212109
1512.6,1747.266771722277
1513.7,1747.4095884356134
1514.6,1747.5344075413113
1515.6,1747.682205613445
1516.6,1747.8335452727183
1517.7,1748.0192165271183
1518.6,1748.170703968271
1519.6,1748.329611772274
1520.6,1748.4631521082288
1521.5,1748.6058333097865
1522.6,1748.771545137549
1523.6,1748.8916998268232
1524.6,1748.96052287123
1525.7,1748.9392626469855
1526.6,1749.028051364026
1527.6,1749.08840183294
1528.6,1749.1161368854796
1529.6,1749.1910762305542
1530.6,1749.2711023167053
1531.6,1749.397869433275
1532.7,1749.5328392190472
1533.6,1749.6616838012055
1534.6,1749.7925957920083
1535.6,1749.8617535239978
1536.6,1750.0056805103502
1537.6,1750.122487650192
1538.6,1750.194909201575
1539.7,1750.299394209032
1540.6,1750.3356523312914
1541.6,1750.4136947866755
1542.6,1750.5328138670775
1543.6,1750.6665619313335
1544.6,1750.730830140309
1545.6,1750.7557178721756
1546.7,1750.8674567911758
1547.6,1750.9706034028839
1548.6,1751.114676652426
1549.6,1751.2604210463508
1550.6,1751.4104214595604
1551.7,1751.5934428837213
1552.6,1751.7407142866118
1553.6,1751.882172890762
1554.6,1752.0064433121129
1555.6,1752.1460949906243
1556.7,1752.3345525887748
1557.7,1752.482435103994
1558.6,1752.5992719877877
1559.6,1752.7346350383411
1560.6,1752.889850120381
1561.6,1753.024739890955
1562.6,1753.1478028727258
1563.6,1753.281018330508
1564.6,1753.4561322520467
1565.7,1753.6059539745295
1566.6,1753.7396881339362
1567.6,1753.8630105100067
1568.6,1753.9274664772363
1569.6,1754.0667485921606
1570.6,1754.1842698104385
1571.6,1754.3060795286476
1572.6,1754.4610071625557
1573.6,1754.6163993503046
1574.6,1754.7712368083396
1575.6,1754.9001931801015
1576.6,1755.0046053810374
1577.5,1755.0137066293005
1578.6,1755.1527248545956
1579.6,1755.3003901234472
1580.7,1755.4567346751073
1581.6,1755.577699722605
1582.6,1755.6623141288328
1583.6,1755.7192198748464
1584.6,1755.8409807433918
1585.6,1755.912362791912
1586.6,1755.9556096036458
1587.6,1755.9913335066717
1588.6,1755.9940532087335
1589.6,1756.0324976384327
1590.6,1756.1838557863127
1591.6,1756.3687328256801
1592.6,1756.5360451161566
1593.7,1756.6913897264044
1594.6,1756.8204126677847
1595.6,1756.9807923696408
1596.6,1757.1038404888507
1597.6,1757.2444776107811
1598.7,1757.4110769911117
1599.7,1757.5300781876363
1600.6,1757.6700156424065
1601.6,1757.792784578539
1602.5,1757.816745612347
1603.7,1757.907798712576
1604.6,1758.0480027444644
1605.7,1758.229788925934
1606.6,1758.4067039994593
1607.6,1758.5890467378724
1608.6,1758.7198176225268
1609.7,1758.9060683985315
1610.6,1759.0771485181333
1611.6,1759.274027623304
1612.6,1759.4844637618091
1613.6,1759.6380984441312
1614.6,1759.8179356736025
1615.6,1759.993792971811
1616.6,1760.1652109307486
1617.6,1760.2899670488412
1618.6,1760.4285944874089
1619.6,1760.5950320652553
1620.6,1760.7498585268816
1621.7,1760.90508169256
1622.6,1760.9865884016313
1623.6,1761.125550032268
1624.6,1761.2927958674134
1625.6,1761.4499793258271
1626.6,1761.6087883590617
1627.6,1761.7432169525714
1628.6,1761.8472282619766
1629.6,1761.9523947431176
1630.6,1762.0291382394057
1631.6,1762.067554754124
1632.5,1761.9693572883054
1633.6,1762.0574162957664
1634.6,1762.2104650261156
1635.6,1762.362593076241
1636.6,1762.5088477816053
1637.6,1762.6554370729712
1638.6,1762.8070847983179
1639.6,1762.9699885206032
1640.6,1763.1246971433673
1641.6,1763.245762306323
1642.6,1763.3503304986252
1643.7,1763.447292403345
1644.6,1763.565841758961
1645.6,1763.7380896043237
1646.6,1763.9033414091546
1647.6,1764.0719897182726
1648.6,1764.242961693436
1649.6,1764.4056811390312
1650.6,1764.5453166480095
1651.6,1764.600379726171
1652.6,1764.689427600425
1653.6,1764.8610548412448
1654.6,1764.9828082185481
1655.6,1764.9646417144054
1656.6,1765.0632862988555
1657.6,1765.1145740042975
1658.6,1765.0530246003705
1659.6,1765.1011532577813
1660.6,1765.1952227595768
1661.6,1765.2716328855108
1662.6,1765.3384688194133
1663.6,1765.4052936831304
1664.6,1765.4492781154595
1665.7,1765.6014433558257
1666.6,1765.7503217731248
1667.6,1765.9240315508373
1668.6,1766.094000032104
1669.6,1766.2585961884529
1670.6,1766.4185139954195
1671.6,1766.5768290856772
1672.6,1766.7327218534042
1673.6,1766.905070559427
1674.6,1767.0787394001802
1675.6,1767.2497936611685
1676.7,1767.4377742414217
1677.6,1767.5857305176658
1678.6,1767.7512352138774
1679.6,1767.904420359478
1680.6,1768.0528047866176
1681.6,1768.131870663673
1682.6,1768.2127363935183
1683.6,1768.2875110854777
1684.7,1768.4215112672096
1685.6,1768.544243389765
1686.6,1768.6748658083625
1687.6,1768.8228491086927
1688.6,1768.9744645126448
1689.7,1769.1448209663884
1690.6,1769.2719547083857
1691.7,1769.310938008926
1692.5,1769.2483282714272
1693.6,1769.3722091163627
1694.6,1769.4763385375
1695.6,1769.624603754627
1696.6,1769.7460199609063
1697.6,1769.8591521092455
1698.6,1770.0043464896648
1699.6,1770.1599688241438
1700.6,1770.3238766287823
1701.6,1770.462506014777
1702.6,1770.6245410844006
1703.6,1770.7701368867317
1704.6,1770.8976562471664
1705.6,1771.0301317738938
1706.6,1771.1847782824034
1707.6,1771.2942038410804
1708.6,1771.4141755762034
1709.6,1771.5246732304986
1710.6,1771.6748273653043
1711.6,1771.8267047584266
1712.6,1771.984935683059
1713.6,1772.0963083548309
1714.6,1772.2453666342171
1715.5,1772.3574294367984
1716.6,1772.5203463452724
1717.6,1772.6492833055702
1718.6,1772.6221189840421
1719.6,1772.6311198737974
1720.7,1772.7947771516588
1721.6,1772.9231547538723
1722.6,1773.060789941954
1723.6,1773.186304120516
1724.7,1773.3367683850738
1725.6,1773.4294237220297
1726.6,1773.5627110817015
1727.7,1773.7256485243252
1728.6,1773.867350054262
1729.7,1774.0428459499685
1730.6,1774.1752050406403
1731.6,1774.3163389148506
1732.6,1774.4412243714378
1733.6,1774.5679145262754
1734.6,1774.6997960845429
1735.6,1774.8439498118225
1736.5,1774.982104268848
1737.6,1775.1526527971105
1738.6,1775.2622073686548
1739.6,1775.3338037008102
1740.7,1775.5021641691335
1741.6,1775.6472225766577
1742.6,1775.819078146037
1743.6,1775.982161735413
1744.6,1776.1494531888043
1745.6,1776.3211624179223
1746.6,1776.488342706879
1747.6,1776.6598250186337
1748.6,1776.830206420548
1749.6,1777.0013184930888
1750.6,1777.155290205626
1751.6,1777.3183459327963
1752.6,1777.4831581316446
1753.6,1777.6411939302477
1754.6,1777.7953106913308
1755.7,1777.9518346880282
1756.7,1778.0605875022927
1757.6,1778.1233602954635
1758.6,1778.263394575997
1759.6,1778.426352917095
1760.6,1778.5939611996137
1761.6,1778.7553534693425
1762.6,1778.9291694565723
1763.6,1779.0967441808111
1764.6,1779.2658240769142
